===========================================================================
Factorability testing

Bartlett's Test: (516.7446514403842, 2.7690972754016664e-76)
Kaiser-Meyer-Olkin Test: (0.8269750802872647)

===========================================================================
Eigenvalue analysis

Eigenvalues:
[3.84134406 1.44320504 1.11393777 0.88975262 0.76243791 0.6311851
 0.59446658 0.52193607 0.47197855 0.41683545 0.31292085]

Eigenvalue suggested factors: 3

===========================================================================
Horn parallel analysis

Factor eigenvalues for random matrix:
[1.46449964 1.32189628 1.21817172 1.13199142 1.06084548 0.98684245
 0.92333818 0.85779858 0.7937735  0.71949494 0.63134783]

Factor eigenvalues for data:
[3.84134406 1.44320504 1.11393777 0.88975262 0.76243791 0.6311851
 0.59446658 0.52193607 0.47197855 0.41683545 0.31292085]

Parallel analysis suggested factors:2

Variance
[3.84134406 1.44320504 1.11393777 0.88975262 0.76243791 0.6311851
 0.59446658 0.52193607 0.47197855 0.41683545 0.31292085]

Proportional variance
[0.3492131  0.13120046 0.10126707 0.0808866  0.06931254 0.05738046
 0.05404242 0.04744873 0.04290714 0.03789413 0.02844735]

Cumulative variance
[0.3492131  0.48041355 0.58168062 0.66256723 0.73187976 0.78926023
 0.84330264 0.89075138 0.93365852 0.97155265 1.        ]

===========================================================================
EFA

Topic Number: 2

EFA Rotation: oblimin

Loading Scores:
[[ 0.0609151   0.70578953]
 [ 0.81606495 -0.00082377]
 [ 0.55679471  0.3465753 ]
 [ 0.1125707   0.49742314]
 [ 0.72139659 -0.06403157]
 [-0.09970024  0.77192015]
 [ 0.60452452  0.28082096]
 [ 0.76598641  0.06864333]
 [ 0.68149689 -0.26779249]
 [ 0.09279606  0.68640127]
 [ 0.23721684 -0.16006499]]

Communality Scores:
[0.50184951 0.66596268 0.43013478 0.26010194 0.52451308 0.60580086
 0.44431031 0.59144708 0.53615083 0.47975781 0.08189263]

Uniqueness Scores:
[0.49815049 0.33403732 0.56986522 0.73989806 0.47548692 0.39419914
 0.55568969 0.40855292 0.46384917 0.52024219 0.91810737]

EFA Rotation: promax

Loading Scores:
[[-0.03574504  0.74028396]
 [ 0.76725317  0.12189384]
 [ 0.47774528  0.4427639 ]
 [ 0.04027237  0.53220865]
 [ 0.68658934  0.042178  ]
 [-0.19544668  0.78462941]
 [ 0.53127892  0.38182874]
 [ 0.71102234  0.18632174]
 [ 0.67593298 -0.17489769]
 [-0.00322026  0.72499515]
 [ 0.24408975 -0.13012938]]

Communality Scores:
[0.54929805 0.60353554 0.42428043 0.28486791 0.47318391 0.65384272
 0.42805048 0.54026856 0.48747459 0.52562834 0.07651346]

Uniqueness Scores:
[0.45070195 0.39646446 0.57571957 0.71513209 0.52681609 0.34615728
 0.57194952 0.45973144 0.51252541 0.47437166 0.92348654]

