===========================================================================
Factorability testing

Bartlett's Test: (4311.018705199989, 0.0)
Kaiser-Meyer-Olkin Test: (0.8470815039602974)

===========================================================================
Eigenvalue analysis

Eigenvalues:
[7.96711122 3.71534866 1.93766254 1.86697454 1.62802247 1.45933614
 1.19578835 0.89767347 0.87447313 0.85036148 0.71245738 0.67600032
 0.63033116 0.53621672 0.46510241 0.40599934 0.38242771 0.37709193
 0.33454592 0.30829675 0.27264074 0.26326033 0.24594059 0.21846189
 0.20350174 0.19861927 0.15510227 0.14607163 0.07517988]

Eigenvalue suggested factors: 7

===========================================================================
Horn parallel analysis

Factor eigenvalues for random matrix:
[1.76163054 1.62381681 1.52735781 1.46232474 1.40964742 1.35236109
 1.30004421 1.25612796 1.2082869  1.16525115 1.12161233 1.08402563
 1.044955   1.00234873 0.97012413 0.93393752 0.89821613 0.86631154
 0.83297289 0.79848276 0.7656035  0.73151439 0.70116027 0.66689623
 0.63368141 0.60163267 0.56488922 0.52673921 0.4780478 ]

Factor eigenvalues for data:
[7.96711122 3.71534866 1.93766254 1.86697454 1.62802247 1.45933614
 1.19578835 0.89767347 0.87447313 0.85036148 0.71245738 0.67600032
 0.63033116 0.53621672 0.46510241 0.40599934 0.38242771 0.37709193
 0.33454592 0.30829675 0.27264074 0.26326033 0.24594059 0.21846189
 0.20350174 0.19861927 0.15510227 0.14607163 0.07517988]

Parallel analysis suggested factors:6

Variance
[7.96711122 3.71534866 1.93766254 1.86697454 1.62802247 1.45933614
 1.19578835 0.89767347 0.87447313 0.85036148 0.71245738 0.67600032
 0.63033116 0.53621672 0.46510241 0.40599934 0.38242771 0.37709193
 0.33454592 0.30829675 0.27264074 0.26326033 0.24594059 0.21846189
 0.20350174 0.19861927 0.15510227 0.14607163 0.07517988]

Proportional variance
[0.27472797 0.12811547 0.06681595 0.06437843 0.05613871 0.05032194
 0.04123408 0.03095426 0.03015425 0.02932281 0.0245675  0.02331036
 0.02173556 0.01849023 0.01603801 0.01399998 0.01318716 0.01300317
 0.01153607 0.01063092 0.0094014  0.00907794 0.00848071 0.00753317
 0.0070173  0.00684894 0.00534835 0.00503695 0.00259241]

Cumulative variance
[0.27472797 0.40284344 0.46965939 0.53403783 0.59017653 0.64049847
 0.68173255 0.71268681 0.74284105 0.77216386 0.79673136 0.82004171
 0.84177727 0.8602675  0.87630552 0.89030549 0.90349266 0.91649583
 0.92803189 0.93866282 0.94806422 0.95714216 0.96562287 0.97315604
 0.98017334 0.98702228 0.99237064 0.99740759 1.        ]

===========================================================================
EFA

Topic Number: 6

EFA Rotation: oblimin

Loading Scores:
[[ 1.09344463e-03  1.06223144e-01 -1.53072102e-02 -1.64515159e-01
   2.78216490e-01  1.83422246e-01]
 [-6.70334275e-02 -8.26254704e-02 -2.85438941e-02 -2.34322717e-01
   1.91760551e-01  1.41938399e-01]
 [-1.41060477e-01  1.26306352e-01 -1.78864326e-01 -9.77278551e-02
   3.61396284e-01  4.03728683e-02]
 [-6.81430211e-02 -5.44397504e-02  3.05243779e-02  8.24178569e-01
   5.94651873e-02 -9.90627019e-03]
 [ 2.97136004e-02 -5.22129219e-03 -3.56597733e-02  8.76053185e-01
  -1.63553533e-02  4.49065528e-02]
 [ 4.73868286e-03  1.63131055e-02 -1.11275938e-02  8.48467584e-01
   1.35214688e-02 -5.00810759e-02]
 [ 6.13492045e-01 -1.31860385e-02  5.53206502e-02 -1.61527689e-02
  -5.92260157e-02  1.73711805e-02]
 [ 6.42478619e-01  5.66189289e-02 -1.11026659e-01  7.83701636e-02
   9.32227901e-02  2.54921457e-02]
 [ 5.69230373e-01  8.85148986e-02  7.38836105e-02 -4.32720860e-02
  -5.31489646e-02 -1.00090556e-01]
 [ 6.47727221e-01  3.64160075e-02  1.78162809e-02 -1.87457296e-02
   6.33016584e-02 -3.40673338e-02]
 [ 7.19446974e-01  2.59658404e-02  5.08135537e-02  3.88413901e-02
   6.90349586e-03  1.93959270e-02]
 [ 6.70222044e-01  4.35384442e-02  1.62085835e-02  3.30812542e-02
  -1.33233881e-01 -1.85859650e-02]
 [ 6.30730998e-01 -4.01248196e-02 -7.85360533e-02 -8.17730296e-03
  -5.42317348e-02 -2.26904561e-02]
 [ 6.19968896e-01 -5.77486880e-02  1.23424110e-01 -7.40601545e-03
  -6.38355787e-02 -3.83341454e-02]
 [ 6.70029521e-01  3.05251598e-02 -2.85804957e-02 -1.28741802e-01
   1.57577030e-02  9.09213310e-03]
 [ 7.25567514e-01 -3.35666702e-02  5.93777594e-02 -7.22747028e-02
   1.41840797e-04  7.43512249e-02]
 [ 6.78359904e-01  5.56435911e-03 -1.00096106e-01  5.91517171e-02
   8.50182032e-02  6.92770412e-02]
 [ 3.72079403e-02 -1.09730762e-02  4.25947510e-02  4.04816709e-02
   8.14376326e-01 -1.73832523e-02]
 [-9.65863171e-03 -3.05917608e-02  1.15119659e-02  1.12567707e-01
   6.94195721e-01 -1.16450282e-02]
 [-3.83782218e-02 -4.01000359e-02 -3.34977857e-02 -3.86299578e-02
   7.72737093e-01 -5.32638333e-02]
 [ 9.05434151e-02 -3.28475616e-03  8.41432313e-01  2.08778791e-02
   8.95760056e-03  3.14040794e-02]
 [-5.92756252e-02  3.57290208e-02  8.96084495e-01 -3.90845422e-02
   1.94484009e-02  3.25449549e-02]
 [-4.71138767e-03  1.71778164e-02  8.32013467e-01 -4.10195225e-04
  -2.42623141e-02 -2.98596094e-02]
 [-1.51217036e-03 -4.63447130e-02  9.25694366e-02 -8.87831102e-02
  -6.29570932e-02  6.93519856e-01]
 [ 5.26216651e-02 -5.49469371e-03  9.35113543e-02 -1.31785311e-02
  -1.33862152e-02  7.30787144e-01]
 [-1.40960048e-02  4.81089870e-02 -5.81749927e-02  3.69196812e-02
  -4.95755271e-03  9.11660738e-01]
 [-1.99935429e-02  9.49851843e-01  2.93102213e-02  1.82616608e-02
  -4.84367913e-02 -1.33808158e-02]
 [-3.26634347e-03  9.57744239e-01  1.30760218e-02 -2.27380768e-02
   8.34716778e-03 -2.27466694e-02]
 [ 6.12152213e-02  8.01242578e-01 -2.42102558e-02 -1.99381949e-02
   3.14794267e-02  8.60545182e-02]]

Communality Scores:
[0.14963224 0.12396096 0.20963178 0.69144345 0.77193506 0.72300058
 0.38367713 0.44379362 0.3520323  0.42671318 0.5227927  0.47054698
 0.40912231 0.40852919 0.46759361 0.54185242 0.48574868 0.6684689
 0.49587646 0.60565493 0.71771958 0.8107226  0.69404411 0.50353505
 0.54594632 0.83841044 0.90633601 0.91855978 0.65511697]

Uniqueness Scores:
[0.85036776 0.87603904 0.79036822 0.30855655 0.22806494 0.27699942
 0.61632287 0.55620638 0.6479677  0.57328682 0.4772073  0.52945302
 0.59087769 0.59147081 0.53240639 0.45814758 0.51425132 0.3315311
 0.50412354 0.39434507 0.28228042 0.1892774  0.30595589 0.49646495
 0.45405368 0.16158956 0.09366399 0.08144022 0.34488303]

EFA Rotation: promax

Loading Scores:
[[ 3.22567627e-02  9.52823135e-02 -9.04878644e-02  1.45706125e-02
   1.32109895e-01  2.19281965e-01]
 [-3.84013646e-02 -8.54492216e-02 -1.81115843e-01 -1.07033891e-02
   9.02582413e-02  1.28403262e-01]
 [-1.00010106e-01  1.08295842e-01 -3.02684685e-02 -1.38106306e-01
  -2.50507131e-02  3.21423015e-01]
 [-9.75684212e-02 -7.28854485e-02  8.38960872e-01  2.59390357e-02
   1.00987328e-01  2.04661820e-01]
 [-3.69235869e-03 -2.42050266e-02  8.88443347e-01 -5.18518745e-02
   1.76847454e-01  1.26635231e-01]
 [-2.75842654e-02 -3.24782675e-03  8.49710984e-01 -1.97877129e-02
   6.76236044e-02  1.66508728e-01]
 [ 6.16357332e-01 -2.04951153e-02 -2.51796022e-02  4.00861899e-02
   2.87567011e-02 -4.71139286e-02]
 [ 6.63286386e-01  3.50796266e-02  9.85513990e-02 -1.13510266e-01
   2.76693357e-02  1.09128812e-01]
 [ 5.69702608e-01  8.14290069e-02 -7.10076667e-02  6.68004741e-02
  -1.01652895e-01 -3.00023969e-02]
 [ 6.62912012e-01  2.08417273e-02 -1.57633498e-02  1.70764607e-02
  -4.39053580e-02  8.00315999e-02]
 [ 7.27305420e-01  1.16543543e-02  4.11913697e-02  4.12217860e-02
   3.00780968e-02  2.94926952e-02]
 [ 6.66586500e-01  3.65070315e-02  6.84325473e-03 -6.63886137e-03
   7.40212838e-03 -1.09571222e-01]
 [ 6.41341036e-01 -5.09080389e-02 -2.09439062e-02 -9.62615122e-02
  -1.48760117e-02 -4.23043247e-02]
 [ 6.18902632e-01 -6.37236899e-02 -2.70852628e-02  1.09028769e-01
  -2.75023124e-02 -3.65424686e-02]
 [ 6.88610660e-01  1.86330639e-02 -1.26801664e-01 -3.54826236e-02
  -7.73748352e-03  4.74339455e-03]
 [ 7.38132142e-01 -4.44106173e-02 -6.30367517e-02  4.74798407e-02
   7.38807839e-02 -2.79289748e-03]
 [ 7.00268510e-01 -1.50512934e-02  8.48213366e-02 -1.06161326e-01
   7.32632031e-02  9.35762434e-02]
 [ 1.05286225e-01 -5.35675986e-02  1.70493096e-01  1.28829112e-01
  -1.24679817e-01  8.27527653e-01]
 [ 4.62760752e-02 -6.81017576e-02  2.25033272e-01  8.33516229e-02
  -9.20273484e-02  7.16332333e-01]
 [ 3.22595736e-02 -7.88895505e-02  7.93525208e-02  4.89906394e-02
  -1.69831190e-01  7.71683127e-01]
 [ 4.71943792e-02  1.11912979e-02  1.55592636e-02  8.57786293e-01
   4.64146700e-02  6.32053622e-02]
 [-1.05309674e-01  5.47162931e-02 -4.35289823e-02  9.19000266e-01
   3.70758186e-02  6.25055206e-02]
 [-5.18671198e-02  3.50459547e-02 -2.10200324e-02  8.48593444e-01
  -1.80861636e-02  3.23427280e-02]
 [-3.60851208e-03 -3.55814766e-02  1.19106124e-02  6.99650904e-02
   7.35629217e-01 -1.75188006e-01]
 [ 5.22955841e-02 -4.07103408e-05  1.02124048e-01  7.45829053e-02
   7.79508503e-01 -1.17695576e-01]
 [-8.39340969e-03  5.08136835e-02  1.85666430e-01 -8.21251541e-02
   9.75569818e-01 -1.39821315e-01]
 [-4.16583798e-02  9.46243604e-01  6.30251077e-03  5.36650757e-02
  -9.78562321e-03 -6.08051876e-02]
 [-1.73710736e-02  9.51341364e-01 -2.70981108e-02  4.38785397e-02
  -3.37202350e-02 -1.05200872e-02]
 [ 5.51554191e-02  7.93203386e-01 -2.10938909e-03 -2.65688665e-04
   8.00747708e-02 -9.71248292e-04]]

Communality Scores:
[0.08405718 0.06632769 0.14565984 0.77144497 0.83993122 0.75546986
 0.385604   0.47645106 0.35192959 0.44875954 0.53427947 0.45782187
 0.42562583 0.40181379 0.49195188 0.5585055  0.52319142 0.75996659
 0.58596783 0.64029863 0.74454121 0.86582182 0.72584425 0.57815722
 0.64021252 1.01515551 0.90382507 0.90925951 0.63863116]

Uniqueness Scores:
[ 0.91594282  0.93367231  0.85434016  0.22855503  0.16006878  0.24453014
  0.614396    0.52354894  0.64807041  0.55124046  0.46572053  0.54217813
  0.57437417  0.59818621  0.50804812  0.4414945   0.47680858  0.24003341
  0.41403217  0.35970137  0.25545879  0.13417818  0.27415575  0.42184278
  0.35978748 -0.01515551  0.09617493  0.09074049  0.36136884]

