===========================================================================
Factorability testing

Bartlett's Test: (516.7446514403842, 2.7690972754016664e-76)
Kaiser-Meyer-Olkin Test: (0.8269750802872647)

===========================================================================
Eigenvalue analysis

Eigenvalues:
[3.84134406 1.44320504 1.11393777 0.88975262 0.76243791 0.6311851
 0.59446658 0.52193607 0.47197855 0.41683545 0.31292085]

Eigenvalue suggested factors: 3

===========================================================================
Horn parallel analysis

Factor eigenvalues for random matrix:
[1.46206237 1.31128161 1.21656068 1.13232628 1.06316623 0.98981379
 0.92443348 0.85545666 0.79639874 0.72261423 0.63588593]

Factor eigenvalues for data:
[3.84134406 1.44320504 1.11393777 0.88975262 0.76243791 0.6311851
 0.59446658 0.52193607 0.47197855 0.41683545 0.31292085]

Parallel analysis suggested factors:2

Variance
[3.84134406 1.44320504 1.11393777 0.88975262 0.76243791 0.6311851
 0.59446658 0.52193607 0.47197855 0.41683545 0.31292085]

Proportional variance
[0.3492131  0.13120046 0.10126707 0.0808866  0.06931254 0.05738046
 0.05404242 0.04744873 0.04290714 0.03789413 0.02844735]

Cumulative variance
[0.3492131  0.48041355 0.58168062 0.66256723 0.73187976 0.78926023
 0.84330264 0.89075138 0.93365852 0.97155265 1.        ]

===========================================================================
EFA

Topic Number: 3

EFA Rotation: oblimin

Correlation Scores:
[[ 0.14804907  0.44085932 -0.30971595]
 [ 0.83627178 -0.08420859  0.02423948]
 [ 0.54097358  0.24320512 -0.09718845]
 [ 0.08832302  0.42518385  0.08124333]
 [ 0.56714635  0.0616483   0.21235941]
 [-0.03357745  0.56863825 -0.12915473]
 [ 0.64475147  0.10136139 -0.19040708]
 [ 0.75453305  0.00142469 -0.00950774]
 [ 0.44911365 -0.02279666  0.25980086]
 [ 0.00417255  0.7389144   0.11097093]
 [ 0.00941716  0.17780452  0.41048925]]

Communality Scores:
[0.31219943 0.70702913 0.36124674 0.19518274 0.37055201 0.34115785
 0.46223345 0.56941254 0.26971925 0.55832644 0.20020456]

Uniqueness Scores:
[0.68780057 0.29297087 0.63875326 0.80481726 0.62944799 0.65884215
 0.53776655 0.43058746 0.73028075 0.44167356 0.79979544]

EFA Rotation: promax

Correlation Scores:
[[ 0.10080186  0.55888758 -0.22519387]
 [ 0.85375185 -0.09779302 -0.0469385 ]
 [ 0.52091102  0.28355832 -0.08576934]
 [ 0.04840787  0.41753979  0.14176721]
 [ 0.57043108 -0.00508414  0.17141047]
 [-0.09243726  0.63492326 -0.02275868]
 [ 0.63831358  0.16508556 -0.20372812]
 [ 0.76211444  0.00259537 -0.05865559]
 [ 0.46031752 -0.1081033   0.2093743 ]
 [-0.0672487   0.73568571  0.22800599]
 [-0.00139741  0.05416175  0.41324304]]

Communality Scores:
[0.37322862 0.74065891 0.35910999 0.19678074 0.35479902 0.41219015
 0.47620262 0.58426564 0.26741614 0.59774259 0.17370526]

Uniqueness Scores:
[0.62677138 0.25934109 0.64089001 0.80321926 0.64520098 0.58780985
 0.52379738 0.41573436 0.73258386 0.40225741 0.82629474]

